Job detected: create table (size 10)
	REAL_TIME: 0.00000000000000000000000000000000000000000000000000
	USER_TIME: 0.00000000000000000000000000000000000000000000000000
	SYSTEM_TIME: 0.00000000000000000000000000000000000000000000000000

Job detected: compare_pairs
../big.txt  |  ../big2.txt  | block: 0
	REAL_TIME: 0.52000000000000001776356839400250464677810668945312
	USER_TIME: 0.00000000000000000000000000000000000000000000000000
	SYSTEM_TIME: 0.00000000000000000000000000000000000000000000000000

Job detected: compare_pairs
a.txt  |  b.txt  | block: 1
	REAL_TIME: 0.00000000000000000000000000000000000000000000000000
	USER_TIME: 0.00000000000000000000000000000000000000000000000000
	SYSTEM_TIME: 0.00000000000000000000000000000000000000000000000000

Job detected: compare_pairs
../big.txt  |  ../big2.txt  | block: 2
	REAL_TIME: 0.48999999999999999111821580299874767661094665527344
	USER_TIME: 0.00000000000000000000000000000000000000000000000000
	SYSTEM_TIME: 0.00000000000000000000000000000000000000000000000000

