Job detected: create table (size 10)
	REAL_TIME: 0.00000000000000000000000000000000000000000000000000
	USER_TIME: 0.00000000000000000000000000000000000000000000000000
	SYSTEM_TIME: 0.00000000000000000000000000000000000000000000000000

Job detected: compare_pairs
big.txt  |  big2.txt  | block: 0
	REAL_TIME: 0.50000000000000000000000000000000000000000000000000
	USER_TIME: 0.00000000000000000000000000000000000000000000000000
	SYSTEM_TIME: 0.00000000000000000000000000000000000000000000000000

